Passo			Energia

0			131.249237
1			131.249237
2			131.249237
3			131.249237
4			131.249237
5			131.249237
6			131.249237
7			131.249237
8			131.249237
9			131.249237
10			131.249237
11			131.249237
12			131.249237
13			131.249237
14			131.249237
15			131.249237
16			131.249237
17			131.249237
18			131.249237
19			131.249237
20			131.249237
21			131.249237
22			131.249237
23			131.249237
24			131.249237
25			131.249237
26			131.249237
27			131.249237
28			131.249237
29			131.249237
30			131.249237
31			131.249237
32			131.249237
33			131.249237
34			131.249237
35			131.249237
36			131.249237
37			131.249237
38			131.249237
39			131.249237
40			131.249237
41			131.249237
42			131.249237
43			131.249237
44			131.249237
45			131.249237
46			131.249237
47			131.249237
48			131.249237
49			131.249237
50			131.249237
51			131.249237
52			131.249237
53			131.249237
54			131.249237
55			131.249237
56			131.249237
57			131.249237
58			131.249237
59			131.249237
60			131.249237
61			131.249237
62			131.249237
63			131.249237
64			131.249237
65			131.249237
66			131.249237
67			131.249237
68			131.249237
69			131.249237
70			131.249237
71			131.249237
72			131.249237
73			131.249237
74			131.249237
75			131.249237
76			131.249237
77			131.249237
78			131.249237
79			131.249237
80			131.249237
81			131.249237
82			131.249237
83			131.249237
84			131.249237
85			131.249237
86			131.249237
87			131.249237
88			131.249237
89			131.249237
90			131.249237
91			131.249237
92			131.249237
93			131.249237
94			131.249237
95			131.249237
96			131.249237
97			131.249237
98			131.249237
99			131.249237
100			131.249237
101			131.249237
102			131.249237
103			131.249237
104			131.249237
105			131.249237
106			131.249237
107			131.249237
108			131.249237
109			131.249237
110			131.249237
111			131.249237
112			131.249237
113			131.249237
114			131.249237
115			131.249237
116			131.249237
117			131.249237
118			131.249237
119			131.249237
120			131.249237
121			131.249237
122			131.249237
123			131.249237
124			131.249237
125			131.249237
126			131.249237
127			131.249237
128			131.249237
129			131.249237
130			131.249237
131			131.249237
132			131.249237
133			131.249237
134			131.249237
135			131.249237
136			131.249237
137			131.249237
138			131.249237
139			131.249237
140			131.249237
141			131.249237
142			131.249237
143			131.249237
144			131.249237
145			131.249237
146			131.249237
147			131.249237
148			131.249237
149			131.249237
150			131.249237
151			131.249237
152			131.249237
153			131.249237
154			131.249237
155			131.249237
156			131.249237
157			131.249237
158			131.249237
159			131.249237
160			131.249237
161			131.249237
162			131.249237
163			131.249237
164			131.249237
165			131.249237
166			131.249237
167			131.249237
168			131.249237
169			131.249237
170			131.249237
171			131.249237
172			131.249237
173			131.249237
174			131.249237
175			131.249237
176			131.249237
177			131.249237
178			131.249237
179			131.249237
180			131.249237
181			131.249237
182			131.249237
183			131.249237
184			131.249237
185			131.249237
186			131.249237
187			131.249237
188			131.249237
189			131.249237
190			131.249237
191			131.249237
192			131.249237
193			131.249237
194			131.249237
195			131.249237
196			131.249237
197			131.249237
198			131.249237
199			131.249237
200			131.249237
201			131.249237
202			131.249237
203			131.249237
204			131.249237
205			131.249237
206			131.249237
207			131.249237
208			131.249237
209			131.249237
210			131.249237
211			131.249237
212			131.249237
213			131.249237
214			131.249237
215			131.249237
216			131.249237
217			131.249237
218			131.249237
219			131.249237
220			131.249237
221			131.249237
222			131.249237
223			131.249237
224			131.249237
225			131.249237
226			131.249237
227			131.249237
228			131.249237
229			131.249237
230			131.249237
231			131.249237
232			131.249237
233			131.249237
234			131.249237
235			131.249237
236			131.249237
237			131.249237
238			131.249237
239			131.249237
240			131.249237
241			131.249237
242			131.249237
243			131.249237
244			131.249237
245			131.249237
246			131.249237
247			131.249237
248			131.249237
249			131.249237
250			131.249237
251			131.249237
252			131.249237
253			131.249237
254			131.249237
255			131.249237
256			131.249237
257			131.249237
258			131.249237
259			131.249237
260			131.249237
261			131.249237
262			131.249237
263			131.249237
264			131.249237
265			131.249237
266			131.249237
267			131.249237
268			131.249237
269			131.249237
270			131.249237
271			131.249237
272			131.249237
273			131.249237
274			131.249237
275			131.249237
276			131.249237
277			131.249237
278			131.249237
279			131.249237
280			131.249237
281			131.249237
282			131.249237
283			131.249237
284			131.249237
285			131.249237
286			131.249237
287			131.249237
288			131.249237
289			131.249237
290			131.249237
291			131.249237
292			131.249237
293			131.249237
294			131.249237
295			131.249237
296			131.249237
297			131.249237
298			131.249237
299			131.249237
300			131.249237
301			131.249237
302			131.249237
303			131.249237
304			131.249237
305			131.249237
306			131.249237
307			131.249237
308			131.249237
309			131.249237
310			131.249237
311			131.249237
312			131.249237
313			131.249237
314			131.249237
315			131.249237
316			131.249237
317			131.249237
318			131.249237
319			131.249237
320			131.249237
321			131.249237
322			131.249237
323			131.249237
324			131.249237
325			131.249237
326			131.249237
327			131.249237
328			131.249237
329			131.249237
330			131.249237
331			131.249237
332			131.249237
333			131.249237
334			131.249237
335			131.249237
336			131.249237
337			131.249237
338			131.249237
339			131.249237
340			131.249237
341			131.249237
342			131.249237
343			131.249237
344			131.249237
345			131.249237
346			131.249237
347			131.249237
348			131.249237
349			131.249237
350			131.249237
351			131.249237
352			131.249237
353			131.249237
354			131.249237
355			131.249237
356			131.249237
357			131.249237
358			131.249237
359			131.249237
360			131.249237
361			131.249237
362			131.249237
363			131.249237
364			131.249237
365			131.249237
366			131.249237
367			131.249237
368			131.249237
369			131.249237
370			131.249237
371			131.249237
372			131.249237
373			131.249237
374			131.249237
375			131.249237
376			131.249237
377			131.249237
378			131.249237
379			131.249237
380			131.249237
381			131.249237
382			131.249237
383			131.249237
384			131.249237
385			131.249237
386			131.249237
387			131.249237
388			131.249237
389			131.249237
390			131.249237
391			131.249237
392			131.249237
393			131.249237
394			131.249237
395			131.249237
396			131.249237
397			131.249237
398			131.249237
399			131.249237
400			131.249237
401			131.249237
402			131.249237
403			131.249237
404			131.249237
405			131.249237
406			131.249237
407			131.249237
408			131.249237
409			131.249237
410			131.249237
411			131.249237
412			131.249237
413			131.249237
414			131.249237
415			131.249237
416			131.249237
417			131.249237
418			131.249237
419			131.249237
420			131.249237
421			131.249237
422			131.249237
423			131.249237
424			131.249237
425			131.249237
426			131.249237
427			131.249237
428			131.249237
429			131.249237
430			131.249237
431			131.249237
432			131.249237
433			131.249237
434			131.249237
435			131.249237
436			131.249237
437			131.249237
438			131.249237
439			131.249237
440			131.249237
441			131.249237
442			131.249237
443			131.249237
444			131.249237
445			131.249237
446			131.249237
447			131.249237
448			131.249237
449			131.249237
450			131.249237
451			131.249237
452			131.249237
453			131.249237
454			131.249237
455			131.249237
456			131.249237
457			131.249237
458			131.249237
459			131.249237
460			131.249237
461			131.249237
462			131.249237
463			131.249237
464			131.249237
465			131.249237
466			131.249237
467			131.249237
468			131.249237
469			131.249237
470			131.249237
471			131.249237
472			131.249237
473			131.249237
474			131.249237
475			131.249237
476			131.249237
477			131.249237
478			131.249237
479			131.249237
480			131.249237
481			131.249237
482			131.249237
483			131.249237
484			131.249237
485			131.249237
486			131.249237
487			131.249237
488			131.249237
489			131.249237
490			131.249237
491			131.249237
492			131.249237
493			131.249237
494			131.249237
495			131.249237
496			131.249237
497			131.249237
498			131.249237
499			131.249237
500			131.249237
