
-0.011566	-0.037379
-0.084954	0.017906
0.084247	-0.046929
0.003925	0.054427
-0.027267	0.050467
0.032679	-0.034825
0.047129	-0.019128
0.059722	-0.056867
-0.012538	-0.066168
-0.026269	0.028893
0.037124	-0.013716
0.018954	0.000369
0.084878	0.034890
0.049300	0.013397
-0.043988	-0.063422
-0.015220	-0.049574
-0.004320	0.022772
-0.096804	0.044649
0.028302	0.011628
0.140219	0.021848
-0.074524	0.043174
0.019976	0.104875
0.022972	0.037968
-0.042821	-0.073616
0.007445	-0.051692
-0.072022	0.095102
-0.080126	-0.113287
-0.007226	0.030013
0.078802	-0.045633
-0.055885	0.106896
0.015873	-0.000630
-0.011004	0.008104
0.038681	0.057739
0.031139	-0.015709
-0.001437	0.050758
0.068278	0.022251
0.038666	0.026169
0.044759	-0.057979
0.010278	0.069033
-0.019357	-0.082352
0.018424	-0.061060
0.012541	0.042414
-0.031421	0.031216
-0.093102	0.040546
0.035415	0.040045
0.010128	0.088705
0.071185	0.056573
0.040221	-0.036544
0.033568	-0.002042
0.039641	-0.022856
0.000039	0.003503
0.031763	-0.061928
-0.064542	0.000613
-0.023915	0.047159
-0.043392	0.114217
-0.014598	0.078068
0.009466	0.018495
0.006961	-0.082353
-0.011566	-0.039293
-0.007435	0.023439
0.018994	0.076869
-0.003600	0.041978
0.039013	-0.037553
0.048902	0.050821
0.060761	0.017435
0.036349	-0.003834
-0.041010	0.061603
-0.059539	0.026382
0.011225	0.071838
0.050256	-0.032468
0.039533	0.002416
0.032516	-0.001545
-0.075169	-0.052154
0.078087	-0.017595
0.061067	0.038218
-0.015078	-0.051115
0.058085	-0.010422
-0.047960	0.009456
0.031623	0.032523
0.092225	0.013330
-0.000554	0.042314
-0.093205	-0.011848
0.005638	0.048974
0.094323	-0.088417
0.000160	-0.017307
0.092204	0.035512
0.052974	-0.012865
-0.026420	-0.046845
0.048498	-0.014768
0.064629	0.037947
-0.034209	0.096419
0.053418	0.098625
0.010296	0.002924
-0.043572	0.019564
0.015893	0.010550
-0.015002	-0.004819
0.021153	-0.004285
0.040167	0.051542
-0.018415	0.076503
-0.066048	-0.012602
0.019052	-0.032691
-0.020583	0.023081
-0.041275	0.018765
-0.012307	0.053520
0.026452	-0.105155
0.030495	-0.014978
-0.042034	-0.048529
0.062772	0.082111
-0.032156	0.035999
-0.016922	0.010693
-0.002849	-0.058069
0.047377	0.003047
-0.013671	-0.074417
-0.033295	-0.084648
0.033223	-0.000973
0.041957	-0.058908
-0.074770	0.063139
-0.054361	0.006813
-0.055680	-0.058412
0.067059	0.021564
0.006833	0.047661
-0.055954	0.016538
-0.026775	-0.005467
-0.015866	-0.000975
0.063025	-0.139784
-0.069369	-0.048902
0.062248	-0.026206
-0.023608	-0.000959
0.041950	-0.037734
0.041091	-0.028857
0.013393	-0.026272
0.070488	0.071198
-0.055386	0.047387
0.009693	0.103897
0.111632	-0.037475
-0.059203	0.002246
0.060007	0.072325
-0.009102	0.048383
0.058707	0.089053
0.022342	0.073500
-0.003042	0.043795
-0.021728	0.063207
-0.000606	0.000090
0.071452	0.050780
0.051165	-0.062503
0.059224	0.027197
0.068619	-0.014563
0.033760	-0.063985
-0.071324	0.009071
0.043838	-0.035436
0.051595	0.057756
0.002760	0.053881
-0.118016	0.008593
-0.051608	-0.002194
0.044843	-0.004147
-0.003841	0.034527
-0.040237	-0.016574
-0.029239	-0.093074
0.001491	0.007053
-0.055423	0.013079
0.043030	0.008847
-0.072076	0.037002
0.061886	-0.060117
0.055745	0.004541
-0.008194	-0.036237
0.021173	0.045459
0.027672	0.047509
-0.048795	0.005907
0.032913	-0.083891
-0.023065	-0.034732
-0.047547	0.045797
0.058615	-0.064278
-0.071700	0.028189
0.043352	0.008566
0.008673	0.021925
-0.028142	0.098913
-0.079442	0.022214
-0.056454	0.000958
-0.045858	-0.007510
0.029355	0.037148
-0.042580	0.018157
-0.033974	-0.006537
0.070838	-0.053459
0.010464	-0.072544
-0.033750	0.033813
-0.082113	-0.019947
-0.012553	-0.040543
-0.094793	-0.011506
-0.001201	0.015432
-0.022320	-0.040904
0.016120	0.081770
0.014738	-0.063849
-0.077340	0.079190
-0.073433	-0.000948
0.020902	-0.007021
-0.072204	0.036326
0.037843	-0.056858
-0.067739	-0.037582
0.010481	0.078104
-0.060584	0.011090
0.011598	0.139500
0.056148	-0.038549
0.008928	-0.047541
0.052801	0.053366
-0.010800	-0.023316
0.004559	-0.020511
0.036891	0.025692
-0.058305	-0.038127
0.010166	-0.080889
-0.002284	-0.039516
-0.058312	0.024265
-0.043402	0.069353
-0.047019	-0.001699
0.049838	-0.035893
0.024544	-0.038710
0.009997	0.068714
0.023374	-0.047778
0.060722	-0.100378
0.055129	-0.049026
-0.029720	0.004737
0.119819	0.034380
-0.073023	0.004208
-0.038706	-0.041618
0.021852	0.052906
-0.102492	-0.045268
-0.042801	0.087886
-0.036658	0.073687
-0.116719	0.006258
-0.045247	-0.127574
-0.019988	-0.014712
-0.087659	0.036502
0.080570	-0.043181
0.037602	0.031156
-0.002109	-0.069016
0.071510	-0.019056
0.004490	0.015752
0.009416	0.048819
-0.026582	0.037181
-0.028912	-0.028417
0.050801	-0.003583
-0.072545	0.068516
-0.102868	0.082106
0.006460	0.052622
0.013496	-0.164465
-0.081646	0.009742
0.025052	-0.036944
-0.059511	0.045092
-0.000590	-0.057259
0.013356	0.074377
0.084754	-0.071901
-0.046013	0.011867
0.006818	-0.006430
-0.013116	-0.059041
-0.041870	-0.050606
0.017512	-0.051206
-0.032373	0.049297
-0.016965	0.065982
-0.033396	-0.000088
0.015445	0.056848
-0.059988	-0.016492
-0.012523	-0.017988
-0.007921	0.000719
0.065279	-0.013135
0.032596	0.000848
0.014905	-0.080865
0.053416	0.014111
0.036908	-0.046529
-0.005822	-0.013007
-0.061952	-0.003848
0.072768	0.012337
-0.001168	0.095365
-0.012591	-0.125919
-0.023518	-0.042733
-0.047106	0.099467
0.054977	-0.017889
-0.056234	0.009755
-0.021461	-0.071738
-0.045477	-0.045830
-0.063354	0.032807
-0.033752	-0.098988
-0.063326	-0.026628
0.000506	-0.008057
0.089693	0.048753
-0.039207	0.060894
-0.016961	-0.043172
0.019668	0.080216
-0.003503	-0.042172
0.001538	0.121252
0.015809	0.035677
0.058305	0.028704
-0.017186	0.044272
0.019043	0.062494
-0.004048	-0.063652
-0.037544	-0.007379
-0.039329	0.023283
-0.022247	-0.027778
0.099450	-0.027793
0.021361	-0.019667
0.040772	0.006675
-0.016578	0.010535
0.022973	-0.025146
0.051310	-0.023570
0.001220	0.042803
-0.045130	-0.052916
0.060213	-0.107667
0.085348	-0.039350
-0.047332	-0.053872
0.008823	0.009400
0.052164	-0.018070
0.006603	-0.125069
0.034455	-0.013552
0.026029	0.040157
-0.043192	-0.088775
-0.088330	0.041835
0.076886	-0.049668
0.015338	-0.036640
-0.024156	0.019581
-0.038450	-0.037449
-0.032147	0.003918
0.086873	0.010537
0.017468	-0.005305
-0.123254	0.074367
-0.057693	0.066495
-0.000709	-0.051904
-0.002161	0.045269
0.004511	-0.004016
0.065774	-0.044481
-0.063444	-0.112432
0.047104	-0.070650
0.070705	0.034151
-0.001793	-0.003084
0.026324	0.033373
-0.071539	0.013570
0.066592	0.034302
-0.067580	0.021598
-0.036387	-0.063921
-0.038053	0.001613
0.003854	0.025514
-0.050566	-0.035933
0.092000	-0.087705
-0.078048	0.033541
0.060134	-0.034611
0.041205	0.016817
0.006530	-0.085921
-0.089276	0.057734
0.000377	-0.040275
0.076019	-0.057016
-0.041715	0.019558
-0.004529	0.063216
-0.025493	0.012769
0.047664	-0.082947
-0.062923	0.069905
0.019227	-0.015601
0.002187	-0.031600
0.024822	-0.027449
-0.017574	-0.011761
0.047700	-0.072182
0.006208	-0.025599
-0.035580	0.018163
0.006272	0.034921
0.014057	0.043247
-0.060453	-0.080189
0.071723	0.027800
0.033862	0.002349
0.098747	0.081466
-0.009305	-0.040407
-0.060290	0.012988
-0.006612	0.105173
-0.007469	0.031148
-0.064358	-0.038775
-0.017479	0.011505
-0.094460	0.002625
0.038237	0.008521
-0.014320	0.053534
0.133117	0.041421
0.024702	-0.056101
-0.095931	-0.001657
-0.049703	-0.051251
0.042054	0.025518
-0.032619	-0.093801
0.049356	-0.076680
0.056233	0.051223
0.044863	-0.009301
-0.067043	-0.006682
0.000423	-0.023638
0.005675	-0.059962
0.009475	-0.044710
-0.059926	0.062300
-0.037123	-0.003662
-0.090595	-0.011134
0.021316	-0.045369
-0.071832	-0.062411
0.018467	0.067862
-0.085094	-0.068161
-0.004370	0.056351
-0.003559	-0.012455
0.075598	-0.055594
-0.020605	0.005936
0.043330	0.002229
-0.028033	0.041265
-0.033088	-0.035950
0.029080	0.048213
0.085615	-0.030265
0.067380	-0.039926
0.055818	0.010425
-0.087068	0.009167
0.033964	-0.109898
0.107191	0.027710
0.047295	-0.029964
-0.087514	-0.004719
-0.054075	0.024618
-0.129633	-0.034664
0.045395	-0.030752
0.061882	-0.004992
0.059578	-0.044891
-0.075029	0.047936
-0.085031	0.028237
0.065322	0.046360
0.026706	-0.028328
-0.007181	-0.000895
0.002442	-0.016299
-0.000128	0.080898
0.100634	-0.032674
-0.001654	0.075014
-0.015226	0.089462
-0.012432	-0.014831
-0.058663	-0.049106
0.004894	0.021711
0.004447	0.038011
0.034569	-0.071517
-0.016875	-0.077575
-0.010219	0.024359
-0.010200	0.002212
-0.051937	0.051938
-0.053318	-0.074338
-0.026556	0.047062
0.049746	-0.021017
0.017449	-0.102423
0.001725	-0.040322
0.017912	0.049653
-0.040021	0.031825
0.039941	0.022656
-0.030518	0.025662
0.026785	-0.056017
0.032169	-0.014837
0.089960	-0.043638
0.065142	-0.005580
0.016877	-0.011331
-0.044465	-0.070742
0.011812	-0.046891
-0.005987	-0.075208
-0.097589	-0.045657
0.034012	-0.046794
-0.000045	-0.006346
-0.041337	0.082919
-0.068984	-0.005483
0.040900	-0.079170
-0.047678	0.002394
-0.020120	0.052862
0.001086	-0.018420
-0.001049	0.049947
0.034050	0.046088
-0.039799	0.047313
0.038324	-0.089183
-0.088661	0.008697
-0.018219	-0.003554
0.010890	-0.070994
0.020082	-0.037491
0.067372	-0.060945
0.009468	0.036607
0.003700	0.095865
-0.057014	-0.052498
-0.010151	0.002115
-0.009612	0.071643
0.057116	0.095480
-0.031878	0.060331
0.003218	-0.028024
0.002098	-0.013413
-0.005033	0.060552
0.024159	-0.032430
0.037107	0.025264
0.001707	-0.039450
0.045961	0.020482
0.076027	-0.003018
-0.009502	-0.028195
0.033682	0.045804
-0.073884	0.024742
0.056475	0.048269
-0.105290	0.055329
-0.001524	0.108363
0.016475	-0.039951
0.010433	-0.044794
0.041000	-0.100136
0.002539	-0.013710
-0.064280	-0.010042
-0.025000	0.009716
0.001658	0.001908
0.036230	0.080716
-0.079753	-0.065302
0.036412	-0.059973
-0.116419	0.072618
0.076384	0.022972
0.056698	-0.039754
-0.006098	-0.010891
-0.034969	0.034100
0.052699	0.055530
-0.033398	-0.005198
-0.004818	0.056495
-0.007875	-0.000174
-0.012929	0.078438
0.096585	-0.013354
0.054274	-0.029433
0.034283	-0.031063
-0.032897	0.004588
-0.075037	0.052920
-0.050917	-0.025741
0.018187	-0.030270
-0.086921	0.048060
0.057093	-0.010657
-0.067501	0.087492
-0.061738	0.025249
0.022160	-0.024548
-0.046611	0.065649
-0.050445	-0.028375
0.058105	-0.048847
0.015152	0.046478
-0.044912	-0.038807
-0.026118	-0.104908
-0.071197	-0.087849
-0.017009	0.020544
0.008582	0.047444
0.035269	0.173241
0.046681	0.046234
0.024755	0.000088
0.024118	-0.058241
0.034317	-0.033515
-0.055419	-0.074215
0.038145	0.017861
-0.031513	-0.031622
0.009408	-0.076412
0.029660	-0.009314
0.108875	-0.088431
-0.042192	0.008497
-0.075505	0.033477
-0.005312	-0.019920
-0.042919	0.023860
-0.060363	-0.038743
0.052546	-0.071370
0.055580	-0.055434
-0.029539	-0.059073
0.050002	0.059982
-0.022604	0.011733
0.002037	-0.032228
-0.044148	-0.057607
-0.045164	-0.039943
0.030948	0.023255
0.129964	-0.008256
-0.007458	-0.019582
-0.001376	0.048847
0.118771	0.049071
-0.013537	-0.022123
-0.031573	0.013409
-0.002158	-0.040017
0.063046	-0.044840
0.048035	-0.027606
0.075143	-0.084987
0.065884	0.054511
-0.030715	0.008727
0.108055	-0.029732
0.013194	-0.033810
-0.072286	-0.048048
0.010045	0.038392
0.092637	0.022272
-0.039614	0.044937
0.026495	0.062642
0.039632	-0.025144
0.021842	-0.090170
0.017256	-0.010735
0.066429	0.007501
-0.050177	-0.063447
0.042422	0.079465
0.075550	0.020196
0.013634	0.002970
0.062161	-0.062261
0.022136	0.073412
-0.039835	0.014664
0.017149	0.008610
0.038616	0.031842
0.058599	0.019597
-0.065736	-0.069660
0.039663	0.012306
0.032434	0.035878
-0.101604	-0.013836
-0.030241	-0.000349
0.064625	-0.031329
0.059096	-0.094080
0.003538	-0.021604
-0.023062	-0.062974
0.017247	0.080894
0.024634	0.033118
-0.003899	0.037694
-0.016660	0.017757
-0.053721	-0.057050
0.061596	-0.051116
0.036808	-0.053176
-0.006390	-0.021418
0.032952	-0.011893
-0.026196	-0.077023
0.029700	0.029210
0.101957	0.079471
-0.014746	0.030030
-0.029936	0.006754
-0.006585	0.054631
-0.014943	0.047950
-0.016090	-0.060281
-0.036658	-0.013835
0.095832	0.008617
0.011270	-0.010015
-0.105263	0.079012
0.020721	-0.003204
0.052042	-0.029720
0.006530	-0.014748
-0.019063	0.053810
0.049842	0.054349
-0.099844	-0.054113
-0.037632	0.041518
0.059214	-0.009245
-0.078343	-0.025370
-0.060136	0.088101
0.024585	0.065743
0.002019	-0.034628
0.060202	-0.115606
0.045116	0.036930
-0.006212	0.003885
0.007631	-0.004166
0.006753	0.004242
-0.011963	0.048894
-0.066377	0.062904
0.000220	0.026473
0.008865	-0.098378
0.037678	0.047536
0.128791	-0.061963
0.100152	0.004627
0.013217	0.010801
0.048354	-0.044103
0.040004	0.004374
-0.058526	-0.047593
0.012155	0.070197
-0.070049	0.045115
0.022766	-0.019386
-0.039293	-0.040651
-0.011905	-0.044886
-0.022711	0.067390
-0.067808	0.032767
-0.081576	-0.008433
0.133124	-0.030832
-0.005403	-0.063298
-0.061294	-0.058076
-0.075834	-0.019541
0.038062	0.085496
-0.041971	0.039478
-0.094958	-0.008857
0.029918	-0.025520
0.049410	-0.047251
-0.082406	-0.017480
-0.052425	0.019337
-0.045800	0.013707
-0.010128	0.008975
0.014624	-0.077186
-0.015563	-0.059199
-0.042993	-0.036453
0.007155	0.034785
0.045516	0.036978
0.079549	-0.073523
0.021296	0.055641
-0.097083	0.045712
-0.075367	0.013872
0.009666	-0.027025
0.040953	0.003256
-0.106123	-0.039293
0.007523	-0.009460
-0.084677	0.067225
-0.049218	0.027492
-0.040196	0.008542
-0.040225	-0.082565
-0.021515	-0.027645
0.017291	0.084657
0.050334	-0.029895
0.061341	0.022336
0.086328	0.006940
0.024543	0.000361
0.035543	0.104087
-0.032477	-0.021152
0.055859	0.017523
0.030357	-0.009858
0.058583	0.040819
-0.011673	0.009803
0.036279	0.100189
-0.042997	-0.040043
0.064913	0.040646
0.006791	0.007621
-0.035493	0.023329
0.008552	-0.042335
-0.032777	-0.079709
-0.012237	0.028393
-0.011873	0.097788
-0.001398	0.029585
-0.054509	-0.009354
-0.048963	-0.021688
-0.044845	0.051408
0.000722	0.002610
0.035007	-0.006458
0.024604	-0.055137
0.064451	0.045907
0.097810	0.042394
-0.023963	0.034975
-0.024430	0.030991
0.029784	-0.048454
-0.096881	0.045199
0.013388	0.043192
-0.025939	-0.036930
-0.063076	-0.022090
0.103301	0.061961
-0.063256	-0.013847
-0.096958	-0.037862
0.069948	0.034070
-0.006083	0.027417
-0.050627	0.076123
0.055575	-0.049480
0.015354	0.005271
0.003998	-0.005519
-0.066200	-0.062507
0.021605	0.039284
0.040257	0.019235
-0.068702	0.017378
-0.018759	-0.050568
-0.023026	0.087214
-0.013954	-0.026482
-0.147250	-0.006389
-0.060254	-0.038088
0.100783	-0.038961
0.040290	0.058663
-0.009153	-0.028582
0.004891	-0.049370
-0.082060	0.014104
-0.094082	0.016604
0.095627	-0.022175
0.080251	0.010434
0.013087	-0.042098
0.047982	-0.014640
0.023064	-0.016841
-0.054557	0.106525
0.001045	0.075804
-0.059309	0.073283
-0.036681	0.023752
-0.035400	0.007479
0.074591	-0.062123
0.049688	-0.056617
-0.043001	-0.041481
-0.006056	-0.014473
-0.047711	-0.004187
0.014600	0.005541
-0.046209	0.053234
-0.015230	0.024617
-0.061310	-0.011412
-0.041465	0.090271
-0.039100	-0.079421
-0.026793	-0.000614
-0.062399	-0.039723
-0.126637	-0.097389
0.063989	-0.020128
-0.024882	-0.012882
0.067068	0.021964
0.078842	0.053463
0.052724	-0.039159
-0.031978	-0.004938
-0.041312	0.068462
0.010503	-0.014400
0.035992	-0.000030
0.006162	0.082377
0.055787	0.086767
-0.036353	0.037432
-0.051008	0.037063
-0.072012	-0.024831
0.018881	-0.020750
-0.019558	-0.083562
-0.012940	0.057544
0.012108	-0.018116
-0.026766	0.077811
-0.052112	-0.055569
0.013938	-0.026780
0.073014	-0.091092
0.041802	0.039640
-0.005734	-0.045743
-0.040591	0.070381
0.016592	-0.090706
-0.018154	-0.033832
-0.093230	0.031731
0.027374	0.022513
0.011822	0.062726
-0.010772	-0.066874
0.026610	-0.021185
-0.053979	0.062539
0.014641	0.055907
-0.021406	0.009784
0.040441	-0.093869
-0.051571	0.055868
-0.014783	0.040157
0.001875	-0.050051
-0.002042	0.055623
0.016322	0.087756
-0.009234	-0.004361
-0.025052	-0.028469
0.000399	0.007593
0.020677	0.072187
0.066178	-0.054844
-0.003936	0.095677
-0.031009	0.035976
-0.014416	-0.067824
-0.117530	-0.004527
0.005614	0.009074
0.013020	-0.004728
0.017635	0.030940
0.009250	-0.044456
0.039776	0.075343
-0.023720	-0.038918
0.032134	0.027226
-0.035637	0.016761
-0.018442	0.048878
-0.001878	-0.033878
0.126959	0.035856
0.036567	-0.036007
0.015462	-0.026577
0.071338	0.010858
0.057206	0.102569
0.021267	0.044180
-0.036460	0.027200
0.012009	-0.054519
-0.019565	0.009804
0.037871	-0.078635
-0.055978	-0.013496
-0.071929	-0.048775
0.020503	-0.048256
0.013537	-0.099581
-0.021617	-0.083131
0.079275	-0.017263
0.080034	-0.028807
0.041207	0.061098
-0.055001	-0.050095
0.015559	-0.074812
-0.005224	0.025041
-0.103421	0.096086
0.076010	0.018126
0.027700	-0.029814
-0.022836	-0.004557
0.025992	-0.100152
-0.017501	0.029302
0.045724	-0.028302
-0.063716	0.120315
0.056595	-0.080419
-0.061089	-0.027129
-0.016312	0.059240
0.018107	0.065756
-0.098432	0.009348
-0.020427	-0.027789
0.053839	0.099053
0.058960	-0.051639
-0.014968	-0.020799
-0.010658	-0.015720
0.005299	-0.081779
-0.003135	0.033247
-0.054167	-0.018233
-0.058756	-0.077348
0.036333	0.046248
-0.018913	-0.064935
-0.043901	-0.077614
-0.009963	-0.074527
-0.009576	0.081204
-0.054014	0.048572
0.008884	0.010603
0.029141	-0.069432
0.055510	0.013720
0.058536	0.056665
0.006807	0.048425
0.079821	-0.013006
0.067299	0.073560
0.007944	-0.077147
-0.040423	0.004282
0.107720	-0.024337
-0.004211	-0.033600
-0.017058	-0.012554
0.007597	-0.003680
-0.013217	0.021903
0.028659	-0.024658
-0.090033	-0.013826
0.094325	-0.001999
-0.041377	-0.000825
-0.022529	-0.056443
-0.006117	0.018347
-0.024467	0.095902
-0.078571	-0.073907
0.112789	0.040395
-0.080948	0.031028
-0.047811	0.017298
0.044490	0.046418
-0.015345	-0.018544
-0.028097	0.002847
-0.044356	-0.077503
-0.118426	-0.039223
-0.045071	-0.031169
-0.070541	0.062777
0.013743	0.183950
0.008509	-0.060133
0.017099	0.058072
-0.047764	0.031433
-0.014048	0.006202
-0.034219	0.002970
0.017257	0.008173
-0.021649	-0.021168
-0.032627	0.027897
0.029201	0.049880
0.029709	0.077650
0.013525	-0.101521
0.002579	-0.014673
0.038676	0.038834
0.010696	0.114506
0.004283	-0.014466
-0.023689	-0.118916
0.013865	-0.014338
-0.047042	0.015804
-0.039005	0.053445
-0.078022	0.023235
0.065890	0.002857
0.071190	-0.011924
0.014370	-0.057998
-0.011510	-0.068885
0.040238	0.001762
-0.035138	-0.046378
-0.058633	-0.023524
0.074989	-0.009406
-0.003502	-0.052230
-0.047407	0.060817
0.062457	-0.011128
0.007416	0.052248
-0.027413	0.085363
-0.046690	-0.024740
-0.026661	0.038728
-0.032695	0.017749
0.011273	0.016478
-0.038166	-0.041876
-0.071425	0.016589
-0.059283	0.046997
0.059415	-0.049384
0.014598	0.013672
-0.003368	0.038797
0.089881	-0.066894
0.037792	-0.020385
0.007330	0.056743
-0.040475	0.007568
0.016871	-0.065541
-0.001092	0.021083
0.043171	-0.053456
0.046158	0.006643
-0.042788	0.004008
0.090276	-0.006043
0.020041	-0.007747
0.063614	0.091861
-0.038748	-0.023282
0.043788	-0.079114
-0.031757	0.041261
-0.075444	-0.026010
-0.017630	-0.010121
-0.050296	-0.041717
0.037856	0.001904
0.091829	0.075573
0.003998	0.045659
-0.078242	-0.068005
0.035370	0.046147
-0.036628	-0.131021
-0.003173	-0.046887
-0.003905	0.002423
0.019225	0.035138
0.044977	0.078068
-0.076765	0.028993
-0.038251	-0.059333
0.127767	-0.026244
0.076295	0.049688
-0.089858	0.092404
-0.039125	-0.060763
-0.017794	0.011232
-0.014571	0.024527
0.042887	0.081992
-0.079251	0.016495
-0.081931	0.006462
-0.062952	-0.119544
0.051549	0.067478
0.019798	-0.080236
0.017710	0.083470
-0.033887	0.109990
-0.003998	0.060726
-0.039575	-0.010623
-0.018954	0.015927
-0.036859	0.092330
-0.015953	0.056196
0.003649	-0.128457
-0.084134	0.019443
-0.002971	0.059293
0.069129	0.061653
-0.010798	0.068305
0.029210	-0.019319
0.089162	0.074627
0.033067	0.021277
-0.028497	-0.046115
-0.024138	-0.044082
-0.022570	-0.037175
0.018353	0.037881
-0.041105	-0.000634
-0.006179	-0.006141
-0.017117	0.023768
-0.024328	-0.130537
0.044199	-0.027914
0.102767	0.007806
-0.006352	-0.017646
-0.009908	0.021624
0.063318	-0.028669
0.023289	0.038344
0.032129	-0.052274
0.084945	0.013343
-0.040656	0.025121
0.053393	0.019380
0.035642	0.036622
-0.016822	0.007588
-0.063504	-0.019575
0.090658	-0.056934
-0.029542	-0.011351
0.091416	-0.018668
-0.102115	-0.063379
-0.032609	0.031259
0.028629	0.072694
-0.082922	-0.021914
0.029290	-0.066954
-0.045278	0.018523
0.012664	-0.089077
0.061384	-0.052369
0.077886	-0.016334
0.015072	0.018828
-0.002853	-0.020458
-0.078278	0.028931
-0.050638	-0.031630
-0.006925	0.004152
-0.003604	-0.007800
-0.069305	0.039057
-0.020138	-0.050027
-0.044839	-0.043574
-0.020261	-0.039648
-0.061446	0.003719
0.032841	0.007313
0.043649	0.080015
0.011266	0.058576
0.040094	0.071197
-0.024888	-0.085927
0.018167	0.052037
-0.065724	0.062844
0.008801	-0.042103
-0.060676	0.089314
-0.000273	0.016070
-0.032188	-0.072498
0.023127	0.032515
0.012736	0.050037
-0.065335	-0.048009
0.104609	-0.028106
-0.036966	-0.006347
-0.013480	-0.066507
-0.054006	-0.062355
-0.022545	-0.070587
0.061577	-0.017552
0.031152	-0.093936
-0.071325	-0.011757
-0.070019	-0.013298
-0.051077	0.053121
0.089174	0.064327
0.042055	-0.060718
0.075536	0.055899
-0.000219	-0.000017
0.005256	0.111542
0.004768	-0.015466
0.028200	0.058135
0.068710	0.055864
0.070397	0.095030
-0.076455	-0.022105
-0.021398	-0.068833
-0.079238	-0.085089
-0.002379	0.055101
0.069232	-0.033559
-0.004537	-0.049153
-0.059580	-0.015785
-0.031438	-0.022619
0.067719	-0.050839
0.012604	-0.022618
0.073394	-0.029864
0.032178	0.070264
-0.009754	-0.035033
0.001645	-0.000166
-0.038536	0.056274
-0.085325	-0.055531
0.069441	-0.011875
0.031085	-0.037300
0.044265	0.009484
-0.045275	-0.008542
0.011197	-0.099480
0.043480	-0.031209
0.045603	-0.014922
0.026122	-0.024851
0.024115	-0.035459
-0.065520	-0.024612
-0.051352	0.051523
-0.006664	-0.039151
0.011852	0.078640
-0.060585	0.000631
0.017097	-0.006753
-0.057956	-0.062756
0.025528	-0.065557
-0.081530	-0.074928
0.020062	0.020757
0.036333	-0.030005
0.037460	0.023858
-0.041500	0.021427
0.067348	0.030800
0.052559	0.017961
0.054790	0.080189
0.014437	0.004888
-0.013550	-0.034374
0.116112	0.036589
-0.051445	0.042727
-0.033417	0.041783
-0.026049	-0.013944
0.037613	0.062488
-0.085519	0.000780
0.081459	-0.014435
0.070334	-0.062556
0.060983	-0.046695
-0.067603	0.024275
-0.032445	-0.092806
-0.015286	0.070389
0.040039	0.034581
-0.007439	-0.036955
0.042662	-0.029999
-0.044611	-0.018239
-0.065248	0.013039
-0.023819	-0.057450
0.038944	0.052756
-0.014494	0.005714
0.033996	0.011770
0.027091	0.033165
0.042236	0.092558
-0.001236	0.040800
0.032729	0.004526
-0.009185	-0.027808
0.018105	-0.012585
0.015999	0.020137
-0.035266	-0.032586
-0.028298	-0.018053
0.002979	0.064876
-0.061675	-0.019316
0.007400	0.104750
-0.071110	0.082416
0.005571	-0.041268
0.071251	-0.003891
0.050237	0.068103
-0.037619	0.064486
0.063824	-0.023779
-0.073200	-0.053982
0.022286	-0.015461
-0.022262	0.014752
0.039905	-0.010698
-0.017737	-0.081070
-0.003969	0.037922
-0.063095	-0.039499
-0.065354	-0.038995
-0.141676	0.002002
-0.046772	-0.033990
0.012999	-0.074989
0.065988	-0.001848
-0.049442	-0.046549
-0.030812	0.087054
-0.084730	0.020888
-0.005362	0.019939
0.071314	-0.071967
0.016509	-0.077822
0.024107	-0.031844
0.004282	0.045879
0.035361	0.006059
0.080033	0.048015
-0.047372	0.036280
0.046496	-0.003500
0.011659	0.010452
0.019034	0.029118
0.008876	-0.096807
0.052805	-0.002072
0.037350	0.071877
-0.000069	-0.050915
-0.054013	-0.026650
-0.023821	-0.013206
-0.016804	-0.079847
0.008682	0.052035
-0.085420	-0.035296
-0.032841	0.071953
0.093115	0.025315
-0.064025	-0.093091
-0.008473	0.051640
0.033044	-0.052368
-0.005942	0.032814
0.041219	-0.074023
-0.035862	-0.136768
-0.066516	-0.032990
-0.098836	0.013526
-0.010000	-0.037347
-0.061361	0.027778
-0.059105	0.040915
0.053921	-0.019562
0.018044	0.024452
-0.022078	-0.019046
0.066734	-0.017410
0.031340	-0.062251
-0.029885	0.019791
-0.052334	-0.085224
-0.027162	0.007946
0.001650	-0.007509
0.012422	-0.130919
-0.025491	-0.104201
0.007037	0.024613
-0.007399	0.051414
0.020561	-0.026918
-0.001526	0.028703
-0.031248	0.036506
-0.049195	-0.063316
0.070568	0.001391
0.000175	-0.021364
0.017936	-0.044904
-0.003516	0.081204
-0.082191	0.022138
0.061240	0.045581
0.038814	-0.039340
-0.105712	0.004797
-0.055651	0.017574
0.028797	-0.016211
0.074977	0.043006
-0.030796	0.053290
-0.055615	-0.045534
0.005629	0.024058
-0.027832	0.042775
-0.041682	-0.075205
0.062778	0.032548
0.034274	0.035388
0.028836	0.014185
0.044166	-0.084685
0.013041	0.031188
0.031188	-0.067754
-0.036483	0.084869
0.001285	0.075532
-0.043749	-0.077226
-0.013828	0.024049
-0.054091	0.038776
-0.005360	0.073659
-0.011189	0.039296
0.073824	0.053332
-0.051156	-0.025558
-0.047443	0.038727
-0.046293	-0.041314
0.038429	0.027724
0.017112	0.045760
0.026433	0.025260
-0.017419	-0.049414
-0.009733	0.136796
0.029538	0.012124
0.003846	0.017780
0.021091	-0.069391
-0.023296	-0.049471
-0.011510	-0.029946
0.019657	-0.013520
0.012906	-0.027156
0.062464	-0.000238
0.050497	-0.014959
0.046468	-0.073712
-0.045824	0.020387
0.011683	0.067878
0.012419	-0.042633
0.083103	0.113692
0.045526	-0.048513
-0.040908	-0.014736
0.022560	-0.024030
0.033367	0.068007
-0.081851	0.064352
0.003061	-0.028898
-0.080770	-0.110388
-0.034324	-0.019039
0.042940	-0.085514
-0.052296	-0.015971
0.054825	0.041112
0.077958	0.070874
-0.039243	-0.004682
0.025885	-0.064743
0.029024	0.073606
0.064078	0.027168
0.062952	0.011066
0.058282	-0.027737
0.062197	0.064871
-0.010815	0.024660
0.088927	-0.035442
0.097260	0.033173
-0.133371	0.073207
0.074668	-0.004891
0.008075	-0.064146
0.011703	-0.070606
0.035558	-0.070085
0.046811	0.088608
0.034763	0.001301
-0.031901	-0.042875
0.046354	-0.000104
-0.030567	-0.008715
0.075809	0.081487
-0.001661	0.105135
0.007268	-0.085547
0.024890	-0.037700
-0.026741	-0.028513
0.046671	-0.055058
0.090839	-0.084744
-0.013480	-0.039018
-0.003012	-0.108352
0.036805	0.059085
-0.064814	0.040275
0.034137	-0.052671
0.070757	0.014045
0.027363	0.071394
0.001934	0.014600
0.038103	-0.007490
-0.061559	-0.005746
0.087902	0.048319
0.032455	-0.027831
-0.006982	0.052048
-0.070601	0.063676
0.001060	0.043355
-0.098183	-0.079205
0.049831	0.023443
-0.083306	0.005619
0.092041	0.022908
-0.022082	-0.041336
0.059597	-0.034574
0.042856	0.003562
0.043068	0.050710
0.053230	-0.048632
0.041205	0.011937
0.020131	0.003330
0.052830	0.027383
0.020595	0.038163
0.001091	0.002292
-0.009312	0.006956
-0.066634	0.012887
0.023199	-0.024271
0.029646	-0.074863
0.046520	0.017537
0.026810	-0.033906
-0.028123	0.048257
0.005479	0.045901
-0.117905	0.003217
-0.032850	-0.090141
0.044542	-0.012267
-0.007762	0.046429
0.002905	-0.039930
0.022365	-0.032963
0.000147	-0.041469
0.029253	0.052180
0.005344	0.077486
-0.075729	-0.050577
0.000484	-0.012881
0.003997	0.029277
-0.041339	-0.088721
0.041309	-0.041883
-0.047349	0.070007
0.054844	-0.036363
0.036612	0.007148
-0.066640	0.033352
-0.026049	-0.055517
-0.070219	0.039723
-0.006113	0.012450
0.008313	0.019896
-0.002790	-0.092587
-0.040711	0.054493
0.071143	0.036862
-0.024601	-0.112943
-0.026086	0.035265
-0.030251	0.048508
-0.061182	0.008986
0.018564	-0.009837
0.036609	0.018742
0.032711	0.026092
-0.035334	0.048885
0.035463	-0.078010
0.023738	0.015983
-0.008585	-0.056337
-0.062690	0.018905
0.098477	0.018156
0.038457	0.022788
0.020752	-0.050316
0.020230	-0.035268
-0.051542	-0.070033
-0.026253	-0.050849
-0.048502	0.016788
-0.040280	-0.019953
-0.038897	0.021220
0.002530	-0.137332
-0.039619	0.064042
0.037688	0.037512
0.026360	-0.056721
-0.045876	-0.002182
0.008680	0.073136
-0.079299	-0.050752
0.044977	-0.014702
0.032918	0.022038
0.012063	0.122732
-0.039669	0.036727
0.067613	-0.069543
-0.060372	-0.013664
0.033535	-0.036787
0.022448	0.003447
-0.023927	0.077777
0.000113	-0.057690
-0.005815	-0.036435
0.004070	0.050622
-0.007620	-0.021689
-0.056205	-0.056727
-0.018952	0.043466
-0.027692	0.031790
-0.042526	0.058961
-0.087271	0.007658
0.033390	-0.026834
-0.126702	0.050857
0.060790	-0.092415
-0.021524	-0.067066
-0.003844	0.028319
0.042983	0.032696
-0.107995	0.057174
0.003975	0.047416
-0.018761	0.034940
-0.034023	-0.048359
-0.008891	0.012325
0.084327	-0.007721
-0.030156	0.045784
-0.094698	0.044099
-0.026294	-0.052222
-0.062356	-0.103702
0.044154	-0.033475
0.030306	0.037933
-0.089458	0.034956
-0.024258	0.014473
-0.021689	0.007047
-0.071367	-0.014940
-0.034047	0.019293
0.026780	-0.037825
0.032875	-0.051449
-0.056898	0.079534
-0.056479	0.028791
-0.075424	0.110565
-0.002595	-0.018253
-0.122469	0.025269
-0.014636	-0.030777
-0.017893	0.046984
-0.004654	0.011632
0.039988	0.089963
0.009829	0.025111
0.023926	-0.041380
-0.100627	0.056835
-0.074409	-0.034638
-0.009408	-0.076230
0.034047	-0.023371
-0.050144	-0.047029
0.125175	0.013066
0.051556	0.086587
-0.054813	0.068735
-0.026317	-0.037633
-0.063998	-0.004002
-0.078465	-0.037283
-0.013777	0.012782
-0.000927	-0.052738
-0.048539	0.064155
-0.111212	-0.017333
0.073378	-0.005747
0.049311	-0.097316
0.052006	0.034434
0.021921	-0.010611
0.025161	0.010737
0.052517	-0.065206
0.039099	0.030169
0.005862	0.022517
0.050923	0.042816
0.016397	0.045238
-0.008533	0.074316
-0.006180	-0.037753
0.026654	-0.039300
0.056373	-0.066352
0.067863	0.014357
-0.050795	0.012560
-0.015264	-0.007451
-0.064597	0.023910
-0.062081	-0.048432
-0.028184	0.028432
-0.051986	-0.067693
0.011193	0.019399
0.048358	-0.030568
-0.074306	0.031593
-0.065478	-0.036463
-0.021842	0.045299
-0.098339	0.031659
-0.007118	-0.062481
0.066107	-0.138503
-0.087086	-0.071445
-0.013311	0.093588
0.095395	0.069971
-0.082370	0.021067
0.055821	-0.042060
0.111230	0.031092
0.023932	0.061789
0.016177	0.057578
-0.017547	0.026534
0.100986	-0.000146
0.066681	-0.083701
-0.026976	0.040260
-0.004103	-0.002017
-0.031696	-0.014708
0.030203	0.034119
-0.067518	0.026043
0.063275	0.000451
0.009833	-0.024248
0.027307	-0.020855
0.004871	0.040225
0.006307	0.039196
0.036147	0.044961
0.022043	0.006764
-0.014292	-0.031209
-0.005890	-0.041966
-0.054693	0.020189
0.055441	-0.061275
0.042823	-0.003537
-0.017782	-0.059441
0.108212	-0.030108
0.031354	0.026114
-0.026960	-0.040576
-0.008591	-0.075602
-0.031580	0.019146
-0.018676	0.055330
-0.064688	0.003919
-0.078786	0.118177
-0.070200	-0.006011
-0.058052	0.016287
-0.024556	0.039313
-0.037718	-0.049788
-0.036538	-0.017864
0.060099	0.031816
-0.123486	0.063488
0.033998	0.072376
0.055619	0.014378
0.101707	0.033536
-0.016207	0.031773
0.015834	-0.103772
0.046489	0.028627
-0.005177	-0.073123
-0.007669	0.029322
-0.002023	0.126194
0.088583	0.014047
0.054740	0.001217
-0.078255	-0.004726
0.067181	-0.029732
0.052272	0.055834
0.041416	0.066108
0.013834	-0.012117
0.009846	-0.033031
0.040599	-0.017852
0.059545	0.048254
0.032026	-0.076076
0.015711	0.011601
0.068293	-0.060634
0.037945	0.067214
0.070735	-0.059357
0.027988	-0.018376
0.009984	0.102746
0.069763	-0.031773
-0.019924	-0.019537
0.037927	-0.004941
-0.048809	-0.046539
-0.016641	0.039059
-0.052099	-0.015956
-0.093316	0.059724
0.024682	0.010217
-0.023014	-0.036931
0.059990	-0.013368
-0.104209	-0.026278
0.031066	0.046289
0.043323	-0.018107
0.020142	-0.019005
0.024001	0.066468